12915.00, 0.00; 44330.00
13275.00, 0.00; 44330.00
13635.00, 0.00; 44330.00
13995.00, 0.00; 44330.00
14355.00, 0.00; 44330.00
14714.00, 0.00; 44330.00
15075.00, 0.00; 44330.00
15434.00, 0.00; 44330.00
15794.00, 0.00; 44330.00
16154.00, 0.00; 44330.00
16514.00, 0.00; 44330.00
16874.00, 0.00; 44330.00
17233.00, 0.00; 44330.00
17594.00, 0.00; 44330.00
17953.00, 0.00; 44330.00
18314.00, 0.00; 44330.00
18673.00, 0.00; 44330.00
19033.00, 0.00; 44330.00
19393.00, 0.00; 44330.00
19752.00, 0.00; 44330.00
20113.00, 0.00; 44330.00
20472.00, 0.00; 44330.00
20833.00, 0.00; 44330.00
21190.00, 0.00; 44330.00
21549.00, 0.00; 44330.00
21909.00, 0.00; 44330.00
22268.00, 0.00; 44330.00
22629.00, 0.00; 44330.00
22988.00, 0.00; 44330.00
23347.00, 0.00; 44330.00
23706.00, 0.00; 44330.00
24066.00, 0.00; 44330.00
24426.00, 0.00; 44330.00
24784.00, 0.00; 44330.00
25145.00, 0.00; 44330.00
25504.00, 0.00; 44330.00
25863.00, 0.00; 44330.00
26222.00, 0.00; 44330.00
26582.00, 0.00; 44330.00
26942.00, 0.00; 44330.00
27300.00, 0.00; 44330.00
27661.00, 0.00; 44330.00
28019.00, 0.00; 44330.00
28378.00, 0.00; 44330.00
28738.00, 0.00; 44330.00
29097.00, 0.00; 44330.00
29458.00, 0.00; 44330.00
29817.00, 0.00; 44330.00
30178.00, 0.00; 44330.00
30537.00, 0.00; 44330.00
