12915.00, 0.00; 20.01
13275.00, 0.00; 19.87
13635.00, 0.00; 19.92
13995.00, 0.00; 19.97
14355.00, 0.00; 19.92
14714.00, 0.00; 19.97
15075.00, 0.00; 20.01
15434.00, 0.00; 19.92
15794.00, 0.00; 20.01
16154.00, 0.00; 19.97
16514.00, 0.00; 20.01
16874.00, 0.00; 19.87
17233.00, 0.00; 19.92
17594.00, 0.00; 19.97
17953.00, 0.00; 19.92
18314.00, 0.00; 20.01
18673.00, 0.00; 19.92
19033.00, 0.00; 20.01
19393.00, 0.00; 19.97
19752.00, 0.00; 20.01
20113.00, 0.00; 19.97
20472.00, 0.00; 20.01
20833.00, 0.00; 20.06
21190.00, 0.00; 19.92
21549.00, 0.00; 20.11
21909.00, 0.00; 19.97
22268.00, 0.00; 20.11
22629.00, 0.00; 20.06
22988.00, 0.00; 20.01
23347.00, 0.00; 20.01
23706.00, 0.00; 19.97
24066.00, 0.00; 20.01
24426.00, 0.00; 20.06
24784.00, 0.00; 19.92
25145.00, 0.00; 20.06
25504.00, 0.00; 20.01
25863.00, 0.00; 20.11
26222.00, 0.00; 20.06
26582.00, 0.00; 20.01
26942.00, 0.00; 20.06
27300.00, 0.00; 20.11
27661.00, 0.00; 19.97
28019.00, 0.00; 20.15
28378.00, 0.00; 20.01
28738.00, 0.00; 19.97
29097.00, 0.00; 20.11
29458.00, 0.00; 20.06
29817.00, 0.00; 20.11
30178.00, 0.00; 20.01
30537.00, 0.00; 20.20
